[0;38;2;255;255;255;48;2;15;20;31m                                                                                                              [0m[0m
[0;38;2;255;255;255;48;2;15;20;31m                                                                                      [0m[0;1;38;2;233;239;249;48;2;15;20;31m17:32:05[0m[0;38;2;255;255;255;48;2;15;20;31m [0m[0;38;2;90;101;121;48;2;15;20;31m·[0m[0;38;2;255;255;255;48;2;15;20;31m [0m[0;38;2;147;160;184;48;2;15;20;31mSun, Sep 27[0m[0;38;2;255;255;255;48;2;15;20;31m  [0m[0m
[0;38;2;255;255;255;48;2;15;20;31m  [0m[0;1;38;2;124;140;248;48;2;15;20;31mGeneral[0m[0;38;2;255;255;255;48;2;15;20;31m [0m[0;38;2;90;101;121;48;2;15;20;31m·[0m[0;38;2;255;255;255;48;2;15;20;31m [0m[0;38;2;147;160;184;48;2;15;20;31mkanban board[0m[0;38;2;255;255;255;48;2;15;20;31m                                                [0m[0;38;2;74;222;128;48;2;15;20;31m████████████[0m[0;38;2;25;32;47;48;2;15;20;31m░░░░░░░░░░[0m[0;38;2;147;160;184;48;2;15;20;31m  55%[0m[0;38;2;90;101;121;48;2;15;20;31m  shipped[0m[0;38;2;255;255;255;48;2;15;20;31m  [0m[0m
[0;38;2;255;255;255;48;2;15;20;31m                                                                            [0m[0;38;2;147;160;184;48;2;15;20;31m4 to-do[0m[0;38;2;255;255;255;48;2;15;20;31m [0m[0;38;2;90;101;121;48;2;15;20;31m·[0m[0;38;2;255;255;255;48;2;15;20;31m [0m[0;38;2;147;160;184;48;2;15;20;31m1 in progress[0m[0;38;2;255;255;255;48;2;15;20;31m [0m[0;38;2;90;101;121;48;2;15;20;31m·[0m[0;38;2;255;255;255;48;2;15;20;31m [0m[0;38;2;147;160;184;48;2;15;20;31m6 done[0m[0;38;2;255;255;255;48;2;15;20;31m  [0m[0m
[0;38;2;255;255;255;48;2;15;20;31m                                                                                                              [0m[0m
[0;38;2;25;32;47;48;2;15;20;31m──────────────────────────────────────────────────────────────────────────────────────────────────────────────[0m[0m
[0;38;2;255;255;255;48;2;10;13;22m                                                                                                              [0m[0m
[0;38;2;255;255;255;48;2;10;13;22m [0m[0;38;2;86;200;255;48;2;18;26;43m╭─ TO-DO · 4 ─────────────────────╮[0m[0;38;2;255;255;255;48;2;10;13;22m [0m[0;38;2;25;32;47;48;2;15;20;31m╭─[0m[0;38;2;90;101;121;48;2;15;20;31m IN PROGRESS · 1 [0m[0;38;2;25;32;47;48;2;15;20;31m────────────────╮[0m[0;38;2;255;255;255;48;2;10;13;22m [0m[0;38;2;25;32;47;48;2;15;20;31m╭─[0m[0;38;2;90;101;121;48;2;15;20;31m DONE · 6 [0m[0;38;2;25;32;47;48;2;15;20;31m──────────────────────╮[0m[0;38;2;255;255;255;48;2;10;13;22m [0m[0m
[0;38;2;255;255;255;48;2;10;13;22m [0m[0;38;2;86;200;255;48;2;18;26;43m│[0m[0;38;2;255;255;255;48;2;18;26;43m                                 [0m[0;38;2;86;200;255;48;2;18;26;43m│[0m[0;38;2;255;255;255;48;2;10;13;22m [0m[0;38;2;25;32;47;48;2;15;20;31m│[0m[0;38;2;255;255;255;48;2;15;20;31m                                  [0m[0;38;2;25;32;47;48;2;15;20;31m│[0m[0;38;2;255;255;255;48;2;10;13;22m [0m[0;38;2;25;32;47;48;2;15;20;31m│[0m[0;38;2;255;255;255;48;2;15;20;31m                                 [0m[0;38;2;25;32;47;48;2;15;20;31m│[0m[0;38;2;255;255;255;48;2;10;13;22m [0m[0m
[0;38;2;255;255;255;48;2;10;13;22m [0m[0;38;2;86;200;255;48;2;18;26;43m│[0m[0;38;2;255;255;255;48;2;18;26;43m [0m[0;38;2;25;32;47;48;2;19;26;40m┃[0m[0;38;2;255;255;255;48;2;19;26;40m [0m[0;38;2;90;101;121;48;2;19;26;40m  [0m[0;38;2;255;107;138;48;2;19;26;40m● [0m[0;38;2;233;239;249;48;2;19;26;40mShip the [0m[0;38;2;255;255;255;48;2;19;26;40m...[0m[0;38;2;233;239;249;48;2;19;26;40mding checklis[0m[0;38;2;255;255;255;48;2;18;26;43m [0m[0;38;2;86;200;255;48;2;18;26;43m│[0m[0;38;2;255;255;255;48;2;10;13;22m [0m[0;38;2;25;32;47;48;2;15;20;31m│[0m[0;38;2;255;255;255;48;2;15;20;31m [0m[0;38;2;25;32;47;48;2;19;26;40m┃[0m[0;38;2;255;255;255;48;2;19;26;40m [0m[0;38;2;90;101;121;48;2;19;26;40m  [0m[0;38;2;255;194;75;48;2;19;26;40m● [0m[0;38;2;233;239;249;48;2;19;26;40mInstrument checkout funnel[0m[0;38;2;255;255;255;48;2;15;20;31m [0m[0;38;2;25;32;47;48;2;15;20;31m│[0m[0;38;2;255;255;255;48;2;10;13;22m [0m[0;38;2;25;32;47;48;2;15;20;31m│[0m[0;38;2;255;255;255;48;2;15;20;31m [0m[0;38;2;25;32;47;48;2;19;26;40m┃[0m[0;38;2;255;255;255;48;2;19;26;40m [0m[0;38;2;90;101;121;48;2;19;26;40m  [0m[0;38;2;74;222;128;48;2;19;26;40m✓ [0m[0;38;2;147;160;184;48;2;19;26;40mMigrate auth to OIDC[0m[0;38;2;255;255;255;48;2;19;26;40m     [0m[0;38;2;255;255;255;48;2;15;20;31m [0m[0;38;2;25;32;47;48;2;15;20;31m│[0m[0;38;2;255;255;255;48;2;10;13;22m [0m[0m
[0;38;2;255;255;255;48;2;10;13;22m [0m[0;38;2;86;200;255;48;2;18;26;43m│[0m[0;38;2;255;255;255;48;2;18;26;43m [0m[0;38;2;25;32;47;48;2;19;26;40m┃[0m[0;38;2;255;255;255;48;2;19;26;40m [0m[0;38;2;90;101;121;48;2;19;26;40m  K-01 · 2h ago · [0m[0;38;2;255;107;138;48;2;19;26;40mhigh[0m[0;38;2;255;255;255;48;2;19;26;40m       [0m[0;38;2;255;255;255;48;2;18;26;43m [0m[0;38;2;86;200;255;48;2;18;26;43m│[0m[0;38;2;255;255;255;48;2;10;13;22m [0m[0;38;2;25;32;47;48;2;15;20;31m│[0m[0;38;2;255;255;255;48;2;15;20;31m [0m[0;38;2;25;32;47;48;2;19;26;40m┃[0m[0;38;2;255;255;255;48;2;19;26;40m [0m[0;38;2;90;101;121;48;2;19;26;40m  K-07 · 5h ago · [0m[0;38;2;255;194;75;48;2;19;26;40mmedium[0m[0;38;2;255;255;255;48;2;19;26;40m      [0m[0;38;2;255;255;255;48;2;15;20;31m [0m[0;38;2;25;32;47;48;2;15;20;31m│[0m[0;38;2;255;255;255;48;2;10;13;22m [0m[0;38;2;25;32;47;48;2;15;20;31m│[0m[0;38;2;255;255;255;48;2;15;20;31m [0m[0;38;2;25;32;47;48;2;19;26;40m┃[0m[0;38;2;255;255;255;48;2;19;26;40m [0m[0;38;2;90;101;121;48;2;19;26;40m  K-05 · just now · [0m[0;38;2;74;222;128;48;2;19;26;40mdone[0m[0;38;2;255;255;255;48;2;19;26;40m     [0m[0;38;2;255;255;255;48;2;15;20;31m [0m[0;38;2;25;32;47;48;2;15;20;31m│[0m[0;38;2;255;255;255;48;2;10;13;22m [0m[0m
[0;38;2;255;255;255;48;2;10;13;22m [0m[0;38;2;86;200;255;48;2;18;26;43m│[0m[0;38;2;255;255;255;48;2;18;26;43m                                 [0m[0;38;2;86;200;255;48;2;18;26;43m│[0m[0;38;2;255;255;255;48;2;10;13;22m [0m[0;38;2;25;32;47;48;2;15;20;31m│[0m[0;38;2;255;255;255;48;2;15;20;31m                                  [0m[0;38;2;25;32;47;48;2;15;20;31m│[0m[0;38;2;255;255;255;48;2;10;13;22m [0m[0;38;2;25;32;47;48;2;15;20;31m│[0m[0;38;2;255;255;255;48;2;15;20;31m                                 [0m[0;38;2;25;32;47;48;2;15;20;31m│[0m[0;38;2;255;255;255;48;2;10;13;22m [0m[0m
[0;38;2;255;255;255;48;2;10;13;22m [0m[0;38;2;86;200;255;48;2;18;26;43m│[0m[0;38;2;255;255;255;48;2;18;26;43m [0m[0;38;2;124;140;248;48;2;29;39;69m┃[0m[0;38;2;255;255;255;48;2;29;39;69m [0m[0;38;2;124;140;248;48;2;29;39;69m▸ [0m[0;38;2;255;107;138;48;2;29;39;69m● [0m[0;1;38;2;233;239;249;48;2;29;39;69mFix token refresh race[0m[0;38;2;255;255;255;48;2;29;39;69m   [0m[0;38;2;255;255;255;48;2;18;26;43m [0m[0;38;2;86;200;255;48;2;18;26;43m│[0m[0;38;2;255;255;255;48;2;10;13;22m [0m[0;38;2;25;32;47;48;2;15;20;31m│[0m[0;38;2;255;255;255;48;2;15;20;31m                                  [0m[0;38;2;25;32;47;48;2;15;20;31m│[0m[0;38;2;255;255;255;48;2;10;13;22m [0m[0;38;2;25;32;47;48;2;15;20;31m│[0m[0;38;2;255;255;255;48;2;15;20;31m [0m[0;38;2;74;222;128;48;2;19;26;40m┃[0m[0;38;2;255;255;255;48;2;19;26;40m [0m[0;38;2;90;101;121;48;2;19;26;40m  [0m[0;38;2;74;222;128;48;2;19;26;40m✓ [0m[0;38;2;147;160;184;48;2;19;26;40mDark-mode contrast audit[0m[0;38;2;255;255;255;48;2;19;26;40m [0m[0;38;2;255;255;255;48;2;15;20;31m [0m[0;38;2;25;32;47;48;2;15;20;31m│[0m[0;38;2;255;255;255;48;2;10;13;22m [0m[0m
[0;38;2;255;255;255;48;2;10;13;22m [0m[0;38;2;86;200;255;48;2;18;26;43m│[0m[0;38;2;255;255;255;48;2;18;26;43m [0m[0;38;2;124;140;248;48;2;29;39;69m┃[0m[0;38;2;255;255;255;48;2;29;39;69m [0m[0;38;2;90;101;121;48;2;29;39;69m  K-02 · 5h ago · [0m[0;38;2;255;107;138;48;2;29;39;69mhigh[0m[0;38;2;255;255;255;48;2;29;39;69m       [0m[0;38;2;255;255;255;48;2;18;26;43m [0m[0;38;2;86;200;255;48;2;18;26;43m│[0m[0;38;2;255;255;255;48;2;10;13;22m [0m[0;38;2;25;32;47;48;2;15;20;31m│[0m[0;38;2;255;255;255;48;2;15;20;31m                                  [0m[0;38;2;25;32;47;48;2;15;20;31m│[0m[0;38;2;255;255;255;48;2;10;13;22m [0m[0;38;2;25;32;47;48;2;15;20;31m│[0m[0;38;2;255;255;255;48;2;15;20;31m [0m[0;38;2;74;222;128;48;2;19;26;40m┃[0m[0;38;2;255;255;255;48;2;19;26;40m [0m[0;38;2;90;101;121;48;2;19;26;40m  K-06 · just now · [0m[0;38;2;74;222;128;48;2;19;26;40mdone[0m[0;38;2;255;255;255;48;2;19;26;40m     [0m[0;38;2;255;255;255;48;2;15;20;31m [0m[0;38;2;25;32;47;48;2;15;20;31m│[0m[0;38;2;255;255;255;48;2;10;13;22m [0m[0m
[0;38;2;255;255;255;48;2;10;13;22m [0m[0;38;2;86;200;255;48;2;18;26;43m│[0m[0;38;2;255;255;255;48;2;18;26;43m                                 [0m[0;38;2;86;200;255;48;2;18;26;43m│[0m[0;38;2;255;255;255;48;2;10;13;22m [0m[0;38;2;25;32;47;48;2;15;20;31m│[0m[0;38;2;255;255;255;48;2;15;20;31m                                  [0m[0;38;2;25;32;47;48;2;15;20;31m│[0m[0;38;2;255;255;255;48;2;10;13;22m [0m[0;38;2;25;32;47;48;2;15;20;31m│[0m[0;38;2;255;255;255;48;2;15;20;31m                                 [0m[0;38;2;25;32;47;48;2;15;20;31m│[0m[0;38;2;255;255;255;48;2;10;13;22m [0m[0m
[0;38;2;255;255;255;48;2;10;13;22m [0m[0;38;2;86;200;255;48;2;18;26;43m│[0m[0;38;2;255;255;255;48;2;18;26;43m [0m[0;38;2;25;32;47;48;2;19;26;40m┃[0m[0;38;2;255;255;255;48;2;19;26;40m [0m[0;38;2;90;101;121;48;2;19;26;40m  [0m[0;38;2;255;194;75;48;2;19;26;40m● [0m[0;38;2;233;239;249;48;2;19;26;40mDesign empty states[0m[0;38;2;255;255;255;48;2;19;26;40m      [0m[0;38;2;255;255;255;48;2;18;26;43m [0m[0;38;2;86;200;255;48;2;18;26;43m│[0m[0;38;2;255;255;255;48;2;10;13;22m [0m[0;38;2;25;32;47;48;2;15;20;31m│[0m[0;38;2;255;255;255;48;2;15;20;31m                                  [0m[0;38;2;25;32;47;48;2;15;20;31m│[0m[0;38;2;255;255;255;48;2;10;13;22m [0m[0;38;2;25;32;47;48;2;15;20;31m│[0m[0;38;2;255;255;255;48;2;15;20;31m [0m[0;38;2;25;32;47;48;2;19;26;40m┃[0m[0;38;2;255;255;255;48;2;19;26;40m [0m[0;38;2;90;101;121;48;2;19;26;40m  [0m[0;38;2;74;222;128;48;2;19;26;40m✓ [0m[0;38;2;147;160;184;48;2;19;26;40mCut release 1.4.0[0m[0;38;2;255;255;255;48;2;19;26;40m        [0m[0;38;2;255;255;255;48;2;15;20;31m [0m[0;38;2;25;32;47;48;2;15;20;31m│[0m[0;38;2;255;255;255;48;2;10;13;22m [0m[0m
[0;38;2;255;255;255;48;2;10;13;22m [0m[0;38;2;86;200;255;48;2;18;26;43m│[0m[0;38;2;255;255;255;48;2;18;26;43m [0m[0;38;2;25;32;47;48;2;19;26;40m┃[0m[0;38;2;255;255;255;48;2;19;26;40m [0m[0;38;2;90;101;121;48;2;19;26;40m  K-03 · 9h ago · [0m[0;38;2;255;194;75;48;2;19;26;40mmedium[0m[0;38;2;255;255;255;48;2;19;26;40m     [0m[0;38;2;255;255;255;48;2;18;26;43m [0m[0;38;2;86;200;255;48;2;18;26;43m│[0m[0;38;2;255;255;255;48;2;10;13;22m [0m[0;38;2;25;32;47;48;2;15;20;31m│[0m[0;38;2;255;255;255;48;2;15;20;31m                                  [0m[0;38;2;25;32;47;48;2;15;20;31m│[0m[0;38;2;255;255;255;48;2;10;13;22m [0m[0;38;2;25;32;47;48;2;15;20;31m│[0m[0;38;2;255;255;255;48;2;15;20;31m [0m[0;38;2;25;32;47;48;2;19;26;40m┃[0m[0;38;2;255;255;255;48;2;19;26;40m [0m[0;38;2;90;101;121;48;2;19;26;40m  K-08 · 1h ago · [0m[0;38;2;74;222;128;48;2;19;26;40mdone[0m[0;38;2;255;255;255;48;2;19;26;40m       [0m[0;38;2;255;255;255;48;2;15;20;31m [0m[0;38;2;25;32;47;48;2;15;20;31m│[0m[0;38;2;255;255;255;48;2;10;13;22m [0m[0m
[0;38;2;255;255;255;48;2;10;13;22m [0m[0;38;2;86;200;255;48;2;18;26;43m│[0m[0;38;2;255;255;255;48;2;18;26;43m                                 [0m[0;38;2;86;200;255;48;2;18;26;43m│[0m[0;38;2;255;255;255;48;2;10;13;22m [0m[0;38;2;25;32;47;48;2;15;20;31m│[0m[0;38;2;255;255;255;48;2;15;20;31m                                  [0m[0;38;2;25;32;47;48;2;15;20;31m│[0m[0;38;2;255;255;255;48;2;10;13;22m [0m[0;38;2;25;32;47;48;2;15;20;31m│[0m[0;38;2;255;255;255;48;2;15;20;31m                                 [0m[0;38;2;25;32;47;48;2;15;20;31m│[0m[0;38;2;255;255;255;48;2;10;13;22m [0m[0m
[0;38;2;255;255;255;48;2;10;13;22m [0m[0;38;2;86;200;255;48;2;18;26;43m│[0m[0;38;2;255;255;255;48;2;18;26;43m [0m[0;38;2;25;32;47;48;2;19;26;40m┃[0m[0;38;2;255;255;255;48;2;19;26;40m [0m[0;38;2;90;101;121;48;2;19;26;40m  [0m[0;38;2;86;200;255;48;2;19;26;40m● [0m[0;38;2;233;239;249;48;2;19;26;40mAdd CSV export to reports[0m[0;38;2;255;255;255;48;2;18;26;43m [0m[0;38;2;86;200;255;48;2;18;26;43m│[0m[0;38;2;255;255;255;48;2;10;13;22m [0m[0;38;2;25;32;47;48;2;15;20;31m│[0m[0;38;2;255;255;255;48;2;15;20;31m                                  [0m[0;38;2;25;32;47;48;2;15;20;31m│[0m[0;38;2;255;255;255;48;2;10;13;22m [0m[0;38;2;25;32;47;48;2;15;20;31m│[0m[0;38;2;255;255;255;48;2;15;20;31m [0m[0;38;2;25;32;47;48;2;19;26;40m┃[0m[0;38;2;255;255;255;48;2;19;26;40m [0m[0;38;2;90;101;121;48;2;19;26;40m  [0m[0;38;2;74;222;128;48;2;19;26;40m✓ [0m[0;38;2;147;160;184;48;2;19;26;40mUpgrade CI runners[0m[0;38;2;255;255;255;48;2;19;26;40m       [0m[0;38;2;255;255;255;48;2;15;20;31m [0m[0;38;2;25;32;47;48;2;15;20;31m│[0m[0;38;2;255;255;255;48;2;10;13;22m [0m[0m
[0;38;2;255;255;255;48;2;10;13;22m [0m[0;38;2;86;200;255;48;2;18;26;43m│[0m[0;38;2;255;255;255;48;2;18;26;43m [0m[0;38;2;25;32;47;48;2;19;26;40m┃[0m[0;38;2;255;255;255;48;2;19;26;40m [0m[0;38;2;90;101;121;48;2;19;26;40m  K-04 · 1d ago · [0m[0;38;2;86;200;255;48;2;19;26;40mlow[0m[0;38;2;255;255;255;48;2;19;26;40m        [0m[0;38;2;255;255;255;48;2;18;26;43m [0m[0;38;2;86;200;255;48;2;18;26;43m│[0m[0;38;2;255;255;255;48;2;10;13;22m [0m[0;38;2;25;32;47;48;2;15;20;31m│[0m[0;38;2;255;255;255;48;2;15;20;31m                                  [0m[0;38;2;25;32;47;48;2;15;20;31m│[0m[0;38;2;255;255;255;48;2;10;13;22m [0m[0;38;2;25;32;47;48;2;15;20;31m│[0m[0;38;2;255;255;255;48;2;15;20;31m [0m[0;38;2;25;32;47;48;2;19;26;40m┃[0m[0;38;2;255;255;255;48;2;19;26;40m [0m[0;38;2;90;101;121;48;2;19;26;40m  K-09 · 4h ago · [0m[0;38;2;74;222;128;48;2;19;26;40mdone[0m[0;38;2;255;255;255;48;2;19;26;40m       [0m[0;38;2;255;255;255;48;2;15;20;31m [0m[0;38;2;25;32;47;48;2;15;20;31m│[0m[0;38;2;255;255;255;48;2;10;13;22m [0m[0m
[0;38;2;255;255;255;48;2;10;13;22m [0m[0;38;2;86;200;255;48;2;18;26;43m│[0m[0;38;2;255;255;255;48;2;18;26;43m                                 [0m[0;38;2;86;200;255;48;2;18;26;43m│[0m[0;38;2;255;255;255;48;2;10;13;22m [0m[0;38;2;25;32;47;48;2;15;20;31m│[0m[0;38;2;255;255;255;48;2;15;20;31m                                  [0m[0;38;2;25;32;47;48;2;15;20;31m│[0m[0;38;2;255;255;255;48;2;10;13;22m [0m[0;38;2;25;32;47;48;2;15;20;31m│[0m[0;38;2;255;255;255;48;2;15;20;31m                                 [0m[0;38;2;25;32;47;48;2;15;20;31m│[0m[0;38;2;255;255;255;48;2;10;13;22m [0m[0m
[0;38;2;255;255;255;48;2;10;13;22m [0m[0;38;2;86;200;255;48;2;18;26;43m│[0m[0;38;2;255;255;255;48;2;18;26;43m                                 [0m[0;38;2;86;200;255;48;2;18;26;43m│[0m[0;38;2;255;255;255;48;2;10;13;22m [0m[0;38;2;25;32;47;48;2;15;20;31m│[0m[0;38;2;255;255;255;48;2;15;20;31m                                  [0m[0;38;2;25;32;47;48;2;15;20;31m│[0m[0;38;2;255;255;255;48;2;10;13;22m [0m[0;38;2;25;32;47;48;2;15;20;31m│[0m[0;38;2;255;255;255;48;2;15;20;31m [0m[0;38;2;25;32;47;48;2;19;26;40m┃[0m[0;38;2;255;255;255;48;2;19;26;40m [0m[0;38;2;90;101;121;48;2;19;26;40m  [0m[0;38;2;74;222;128;48;2;19;26;40m✓ [0m[0;38;2;147;160;184;48;2;19;26;40mRefactor billing webhooks[0m[0;38;2;255;255;255;48;2;15;20;31m [0m[0;38;2;25;32;47;48;2;15;20;31m│[0m[0;38;2;255;255;255;48;2;10;13;22m [0m[0m
[0;38;2;255;255;255;48;2;10;13;22m [0m[0;38;2;86;200;255;48;2;18;26;43m│[0m[0;38;2;255;255;255;48;2;18;26;43m                                 [0m[0;38;2;86;200;255;48;2;18;26;43m│[0m[0;38;2;255;255;255;48;2;10;13;22m [0m[0;38;2;25;32;47;48;2;15;20;31m│[0m[0;38;2;255;255;255;48;2;15;20;31m                                  [0m[0;38;2;25;32;47;48;2;15;20;31m│[0m[0;38;2;255;255;255;48;2;10;13;22m [0m[0;38;2;25;32;47;48;2;15;20;31m│[0m[0;38;2;255;255;255;48;2;15;20;31m [0m[0;38;2;25;32;47;48;2;19;26;40m┃[0m[0;38;2;255;255;255;48;2;19;26;40m [0m[0;38;2;90;101;121;48;2;19;26;40m  K-10 · 8h ago · [0m[0;38;2;74;222;128;48;2;19;26;40mdone[0m[0;38;2;255;255;255;48;2;19;26;40m       [0m[0;38;2;255;255;255;48;2;15;20;31m [0m[0;38;2;25;32;47;48;2;15;20;31m│[0m[0;38;2;255;255;255;48;2;10;13;22m [0m[0m
[0;38;2;255;255;255;48;2;10;13;22m [0m[0;38;2;86;200;255;48;2;18;26;43m│[0m[0;38;2;255;255;255;48;2;18;26;43m                                 [0m[0;38;2;86;200;255;48;2;18;26;43m│[0m[0;38;2;255;255;255;48;2;10;13;22m [0m[0;38;2;25;32;47;48;2;15;20;31m│[0m[0;38;2;255;255;255;48;2;15;20;31m                                  [0m[0;38;2;25;32;47;48;2;15;20;31m│[0m[0;38;2;255;255;255;48;2;10;13;22m [0m[0;38;2;25;32;47;48;2;15;20;31m│[0m[0;38;2;255;255;255;48;2;15;20;31m                                 [0m[0;38;2;25;32;47;48;2;15;20;31m│[0m[0;38;2;255;255;255;48;2;10;13;22m [0m[0m
[0;38;2;255;255;255;48;2;10;13;22m [0m[0;38;2;86;200;255;48;2;18;26;43m│[0m[0;38;2;255;255;255;48;2;18;26;43m                                 [0m[0;38;2;86;200;255;48;2;18;26;43m│[0m[0;38;2;255;255;255;48;2;10;13;22m [0m[0;38;2;25;32;47;48;2;15;20;31m│[0m[0;38;2;255;255;255;48;2;15;20;31m                                  [0m[0;38;2;25;32;47;48;2;15;20;31m│[0m[0;38;2;255;255;255;48;2;10;13;22m [0m[0;38;2;25;32;47;48;2;15;20;31m│[0m[0;38;2;255;255;255;48;2;15;20;31m                                 [0m[0;38;2;25;32;47;48;2;15;20;31m│[0m[0;38;2;255;255;255;48;2;10;13;22m [0m[0m
[0;38;2;255;255;255;48;2;10;13;22m [0m[0;38;2;86;200;255;48;2;18;26;43m╰─────────────────────────────────╯[0m[0;38;2;255;255;255;48;2;10;13;22m [0m[0;38;2;25;32;47;48;2;15;20;31m╰──────────────────────────────────╯[0m[0;38;2;255;255;255;48;2;10;13;22m [0m[0;38;2;25;32;47;48;2;15;20;31m╰─────────────────────────────────╯[0m[0;38;2;255;255;255;48;2;10;13;22m [0m[0m
[0;38;2;255;255;255;48;2;10;13;22m                                                                                                              [0m[0m
[0;38;2;255;255;255;48;2;10;13;22m [0m[0;38;2;124;140;248;48;2;16;26;46m╭─ new card ───────────────────────────────────────────────────────────────────────────────────────────────╮[0m[0;38;2;255;255;255;48;2;10;13;22m [0m[0m
[0;38;2;255;255;255;48;2;10;13;22m [0m[0;38;2;124;140;248;48;2;16;26;46m│[0m[0;38;2;255;255;255;48;2;16;26;46m  [0m[0;38;2;124;140;248;48;2;16;26;46m▸[0m[0;38;2;255;255;255;48;2;16;26;46m [0m[0;38;2;233;239;249;48;2;16;26;46mPolish the launch checklist[0m[0;38;2;255;255;255;48;2;16;26;46m                                                                           [0m[0;38;2;124;140;248;48;2;16;26;46m│[0m[0;38;2;255;255;255;48;2;10;13;22m [0m[0m
[0;38;2;255;255;255;48;2;10;13;22m [0m[0;38;2;124;140;248;48;2;16;26;46m│[0m[0;38;2;255;255;255;48;2;16;26;46m [0m[0;38;2;147;160;184;48;2;16;26;46menter[0m[0;38;2;90;101;121;48;2;16;26;46m add card to To-do   ·   [0m[0;38;2;147;160;184;48;2;16;26;46mesc[0m[0;38;2;90;101;121;48;2;16;26;46m cancel[0m[0;38;2;255;255;255;48;2;16;26;46m                                                                 [0m[0;38;2;124;140;248;48;2;16;26;46m│[0m[0;38;2;255;255;255;48;2;10;13;22m [0m[0m
[0;38;2;255;255;255;48;2;10;13;22m [0m[0;38;2;124;140;248;48;2;16;26;46m╰──────────────────────────────────────────────────────────────────────────────────────────────────────────╯[0m[0;38;2;255;255;255;48;2;10;13;22m [0m[0m
[0;38;2;255;255;255;48;2;10;13;22m                                                                                                              [0m[0m
[0;38;2;25;32;47;48;2;15;20;31m──────────────────────────────────────────────────────────────────────────────────────────────────────────────[0m[0m
[0;38;2;255;255;255;48;2;15;20;31m  [0m[0;38;2;233;239;249;48;2;56;64;114mn[0m[0;38;2;147;160;184;48;2;15;20;31m new[0m[0;38;2;90;101;121;48;2;15;20;31m  [0m[0;38;2;233;239;249;48;2;56;64;114mp[0m[0;38;2;147;160;184;48;2;15;20;31m progress[0m[0;38;2;90;101;121;48;2;15;20;31m  [0m[0;38;2;233;239;249;48;2;56;64;114md[0m[0;38;2;147;160;184;48;2;15;20;31m done[0m[0;38;2;90;101;121;48;2;15;20;31m  [0m[0;38;2;233;239;249;48;2;56;64;114mt[0m[0;38;2;147;160;184;48;2;15;20;31m to-do[0m[0;38;2;90;101;121;48;2;15;20;31m  [0m[0;38;2;233;239;249;48;2;56;64;114me[0m[0;38;2;147;160;184;48;2;15;20;31m edit[0m[0;38;2;90;101;121;48;2;15;20;31m  [0m[0;38;2;233;239;249;48;2;56;64;114mspace[0m[0;38;2;147;160;184;48;2;15;20;31m p[0m[0;38;2;255;255;255;48;2;15;20;31m...[0m[0;38;2;147;160;184;48;2;15;20;31mlete[0m[0;38;2;90;101;121;48;2;15;20;31m  [0m[0;38;2;233;239;249;48;2;56;64;114m↑↓[0m[0;38;2;147;160;184;48;2;15;20;31m card[0m[0;38;2;90;101;121;48;2;15;20;31m  [0m[0;38;2;233;239;249;48;2;56;64;114m←→[0m[0;38;2;147;160;184;48;2;15;20;31m column[0m[0;38;2;90;101;121;48;2;15;20;31m  [0m[0;38;2;233;239;249;48;2;56;64;114mo[0m[0;38;2;147;160;184;48;2;15;20;31m project[0m[0;38;2;90;101;121;48;2;15;20;31m  [0m[0;38;2;233;239;249;48;2;56;64;114mc[0m[0;38;2;147;160;184;48;2;15;20;31m theme[0m[0;38;2;90;101;121;48;2;15;20;31m  [0m[0;38;2;233;239;249;48;2;56;64;114mq[0m[0;38;2;147;160;184;48;2;15;20;31m quit[0m[0;38;2;255;255;255;48;2;15;20;31m  [0m[0m
